M31P100,-37. -12. 12.8,6.30 2.80 10.5,3.09 3.14 12.6
M31P101,-37. -16. 10.7,4.20 2.10 6.30,4.58 4.23 13.3
M31P102,-37. 10.7,21.0 2.80,16.8 12.8
M31P103,-27. 10.7,6.30 7.71,3.55 12.3
M31P104,-27. 10.7,7.01 9.11,3.07 11.3
M31P110,-58. -37. -10. 12.8,2.80 4.20 2.10 5.60,3.18 3.31 4.60 14.4
M31P111,-58. -37. -14. 12.8,12.6 2.80 2.10 9.11,6.18 5.12 3.51 13.7
M31P112,-35. -20. 10.7,2.80 2.80 7.01,5.39 3.51 13.3
M31P113,-25. 10.7,6.30 7.71,3.51 13.1
M31P120,-37. -12. 12.8,7.71 1.40 9.11,2.85 3.92 15.1
M31P121,-37. 12.8,12.6 7.71,4.15 15.1
M31P122,-37. -10. 12.8,12.6 2.10 8.41,3.83 4.33 14.7
M31P16,-33. 10.7,7.01 7.01,2.57 9.41
M31P17,-31. 10.7,6.30 6.30,1.89 10.2
M31P18,-31. 10.7,6.30 6.30,1.62 10.6
M31P25,-31. 10.7,7.71 8.41,2.31 8.59
M31P26,-31. 10.7,7.71 7.71,2.47 9.43
M31P27,-41. -27. 10.7 130.,4.20 4.20 7.01 7.01,1.51 1.73 10.3 -5.0
M31P28,-31. 10.7,5.60 5.60,1.62 11.6
M31P35,-33. 10.7,6.30 10.5,2.85 8.11
M31P36,-29. 10.7 155.,4.90 8.41 10.5,2.29 9.27 -1.5
M31P37,-29. 10.7 124.,11.9 7.71 8.41,2.40 10.4 -5.5
M31P38,-27. 10.7,14.0 5.60,2.26 12.1
M31P44,-22. 10.7,2.10 17.5,4.64 9.75
M31P45,-25. 10.7 124.,8.41 7.71 7.01,3.16 9.48 -1.4
M31P46,-31. 10.7 92.7,5.60 7.71 9.81,2.66 10.1 -5.5
M31P47,-31. 10.7 166.,7.01 6.30 9.81,2.58 11.5 -2.4
M31P48,-31. 10.7,7.01 5.60,2.03 12.4
M31P53,-31. -10. 10.7,7.01 2.80 7.01,2.56 3.55 10.9
M31P54,-31. -18. 10.7,7.01 3.50 5.60,2.53 4.05 11.6
M31P55,-29. 10.7 107.,7.01 4.90 17.5,2.87 11.6 -5.1
M31P56,-31. 10.7 136.,5.60 6.30 9.81,3.43 12.9 -2.8
M31P57,-29. 10.7,5.60 4.90,2.51 13.4
M31P58,-29. 10.7,5.60 8.41,2.62 13.1
M31P62,-31. -10. 10.7,1.40 2.80 18.9,2.97 4.63 9.71
M31P63,-10. 10.7,3.50 16.8,4.33 10.1
M31P64,-31. -12. 10.7,2.10 2.10 12.6,2.78 3.81 9.81
M31P65,-31. 10.7 128.,5.60 5.60 8.41,3.58 11.5 -1.6
M31P66,-50. -29. 10.7,2.10 2.80 4.90,1.56 2.86 13.3
M31P67,-27. 10.7,7.01 7.71,2.62 14.3
M31P72,-33. -16. 10.7,7.01 3.50 21.7,3.53 4.32 9.41
M31P73,-14. 10.7,9.81 7.01,5.00 9.71
M31P74,-29. -14. 10.7,7.01 1.40 6.30,3.19 3.11 10.3
M31P75,-29. 10.7,8.41 5.60,3.82 11.1
M31P76,-29. 10.7,7.01 5.60,2.99 12.4
M31P81,-35. -14. 12.8,7.01 2.80 7.71,3.65 5.47 10.9
M31P82,-33. -20. 12.8,7.71 2.10 5.60,5.09 4.18 10.6
M31P83,-27. 10.7,10.5 11.2,3.99 10.6
M31P84,-29. 10.7,7.01 4.90,3.56 9.93
M31P85,-29. 10.7,7.01 8.41,3.38 10.9
M31P86,-27. 10.7,7.01 8.41,2.99 10.9
M31P90,-33. -14. 10.7,7.01 7.01 7.01,3.17 3.87 11.5
M31P91,-33. -16. 10.7,9.81 7.01 7.01,3.88 3.68 11.1
M31P92,-37. -20. 10.7,16.8 7.01 5.60,7.51 6.78 11.1
M31P93,10.7,9.81,10.7
M31P94,-29. -12. 10.7,2.10 1.40 12.6,3.59 3.13 10.5
M31P95,-27. 10.7,7.01 8.41,2.63 11.1
S8A,17.0,12.6,52.5
S8B,17.0,12.6,52.5
