M31P100,0,250,0
M31P101,0,250,0
M31P102,0,250,0
M31P103,290,360,1
M31P104,0,250,0
M31P110,0,250,0
M31P111,0,250,0
M31P112,0,250,0
M31P113,0,250,0
M31P120,0,250,0
M31P121,0,250,0
M31P122,0,250,0
M31P16,0,250,0
M31P17,130,180,1
M31P18,0,250,0
M31P25,0,250,0
M31P26,130,200,1
M31P27,130,200,1
M31P28,130,200,1
M31P35,0,250,0
M31P36,130,215,1
M31P37,130,200,1
M31P38,0,250,0
M31P44,0,250,0
M31P45,130,230,1
M31P46,110,190,1
M31P47,130,200,1
M31P48,0,250,0
M31P53,0,250,0
M31P54,180,270,1
M31P55,100,215,1
M31P56,120,220,1
M31P57,0,250,0
M31P58,0,250,0
M31P62,0,250,0
M31P63,230,280,1
M31P64,100,330,1
M31P65,100,270,1
M31P66,200,250,1
M31P67,0,250,0
M31P72,250,310,1
M31P73,230,320,1
M31P74,210,320,1
M31P75,200,290,1
M31P76,0,250,0
M31P81,0,250,0
M31P82,270,335,1
M31P83,0,250,0
M31P84,250,335,1
M31P85,240,300,1
M31P86,0,250,0
M31P90,0,250,0
M31P91,290,350,1
M31P92,0,250,0
M31P93,0,250,0
M31P94,250,335,1
M31P95,0,250,0
